time	I(Rq)
Step Information: C_q=10f  (Run: 1/9)
0.000000000000000e+00	6.662229e-07
1.000000000000000e-08	6.662229e-07
1.000953125000000e-08	6.966536e-07
1.002859375000000e-08	8.822943e-07
1.004913926155366e-08	1.160120e-06
1.006972466069086e-08	1.415111e-06
1.007790510448623e-08	1.494348e-06
1.008363911240926e-08	1.540812e-06
1.009021425651062e-08	1.588808e-06
1.009357880122398e-08	1.610644e-06
1.010000000000000e-08	1.650370e-06
1.010449483914321e-08	1.675057e-06
1.010963179816403e-08	1.700679e-06
1.011990571620566e-08	1.744815e-06
1.014045355228892e-08	1.811520e-06
1.018154922445545e-08	1.899911e-06
1.021780865566695e-08	1.948653e-06
1.022748113757700e-08	1.956519e-06
1.024682610139711e-08	1.967260e-06
1.026131007235979e-08	1.973694e-06
1.027103205807463e-08	1.977116e-06
1.028174411988531e-08	1.980316e-06
1.028649648514533e-08	1.981495e-06
1.029283297215868e-08	1.982930e-06
1.030000000000000e-08	1.984443e-06
1.030501691948892e-08	1.985360e-06
1.031075054176197e-08	1.986301e-06
1.032221778630808e-08	1.987897e-06
1.034515227540029e-08	1.990506e-06
1.035413102181558e-08	1.991301e-06
1.037208851464614e-08	1.992172e-06
1.040000000000000e-08	1.992442e-06
1.270760086399395e-08	1.847993e-06
1.524666336399395e-08	1.707140e-06
1.817635086399397e-08	1.565346e-06
2.149666336399399e-08	1.427851e-06
2.481697586399402e-08	1.311382e-06
2.813728836399404e-08	1.212723e-06
3.165291336399403e-08	1.124654e-06
3.536385086399400e-08	1.047042e-06
3.927010086399396e-08	9.794960e-07
4.337166336399392e-08	9.214270e-07
4.766853836399388e-08	8.721022e-07
5.235603836399384e-08	8.290992e-07
5.743416336399379e-08	7.925870e-07
6.290291336399385e-08	7.623642e-07
6.915291336399400e-08	7.365685e-07
7.618416336399417e-08	7.157229e-07
8.458260086399437e-08	6.987538e-07
9.493416336399463e-08	6.856133e-07
1.088013508639950e-07	6.759183e-07
1.296997883639955e-07	6.696341e-07
1.746216633639966e-07	6.665842e-07
1.882935383639969e-07	6.664054e-07
1.998169758639972e-07	6.663255e-07
2.000000000000000e-07	6.663245e-07
Step Information: C_q=15f  (Run: 2/9)
0.000000000000000e+00	6.662229e-07
1.000000000000000e-08	6.662229e-07
1.000953125000000e-08	6.946126e-07
1.002859375000000e-08	8.683421e-07
1.004798660167621e-08	1.119736e-06
1.006595874632151e-08	1.336071e-06
1.008086536950974e-08	1.472020e-06
1.010000000000000e-08	1.613090e-06
1.010574038914708e-08	1.644778e-06
1.011339424134318e-08	1.682373e-06
1.012870194573539e-08	1.743915e-06
1.015931735451981e-08	1.829002e-06
1.022054817208864e-08	1.922984e-06
1.030000000000000e-08	1.982898e-06
1.030794518279114e-08	1.984277e-06
1.032383554837341e-08	1.986627e-06
1.035561627953795e-08	1.989535e-06
1.040000000000000e-08	1.991008e-06
1.282805493891091e-08	1.850631e-06
1.575774243891092e-08	1.700880e-06
1.907805493891094e-08	1.553920e-06
2.259367993891097e-08	1.421001e-06
2.630461743891099e-08	1.302227e-06
3.001555493891101e-08	1.202144e-06
3.392180493891098e-08	1.113759e-06
3.802336743891094e-08	1.036598e-06
4.232024243891090e-08	9.699908e-07
4.681242993891085e-08	9.131270e-07
5.169524243891081e-08	8.633232e-07
5.696867993891076e-08	8.207551e-07
6.263274243891080e-08	7.852165e-07
6.888274243891095e-08	7.554070e-07
7.610930493891113e-08	7.301202e-07
8.450774243891133e-08	7.095936e-07
9.466399243891158e-08	6.933678e-07
1.075546174389119e-07	6.811987e-07
1.257186799389123e-07	6.727006e-07
1.571639924389131e-07	6.677411e-07
1.923202424389139e-07	6.665228e-07
1.999374299389141e-07	6.664339e-07
2.000000000000000e-07	6.664333e-07
Step Information: C_q=20f  (Run: 3/9)
0.000000000000000e+00	6.662229e-07
1.000000000000000e-08	6.662229e-07
1.000953125000000e-08	6.928282e-07
1.002859375000000e-08	8.565830e-07
1.004892435857671e-08	1.105206e-06
1.006805952854766e-08	1.324954e-06
1.008023704636095e-08	1.433035e-06
1.010000000000000e-08	1.577498e-06
1.010592888609171e-08	1.610803e-06
1.011383406754733e-08	1.650496e-06
1.012964443045857e-08	1.715961e-06
1.016126515628104e-08	1.807650e-06
1.022450660792599e-08	1.912086e-06
1.030000000000000e-08	1.976590e-06
1.030754933920740e-08	1.978422e-06
1.032264801762220e-08	1.981598e-06
1.035284537445181e-08	1.985725e-06
1.040000000000000e-08	1.988647e-06
1.304082414095361e-08	1.847201e-06
1.616582414095362e-08	1.699214e-06
1.968144914095364e-08	1.554775e-06
2.358769914095367e-08	1.417848e-06
2.749394914095370e-08	1.302021e-06
3.159551164095370e-08	1.199562e-06
3.589238664095366e-08	1.109886e-06
4.038457414095362e-08	1.032213e-06
4.507207414095357e-08	9.656226e-07
5.015019914095352e-08	9.070831e-07
5.542363664095347e-08	8.583748e-07
6.128301164095348e-08	8.157163e-07
6.772832414095363e-08	7.796448e-07
7.495488664095381e-08	7.494444e-07
8.315801164095401e-08	7.247833e-07
9.292363664095425e-08	7.047619e-07
1.050330116409545e-07	6.891626e-07
1.210486366409549e-07	6.777732e-07
1.450720741409555e-07	6.703496e-07
1.923376991409567e-07	6.667676e-07
1.999548866409568e-07	6.666160e-07
2.000000000000000e-07	6.666152e-07
Step Information: C_q=25f  (Run: 4/9)
0.000000000000000e+00	6.662229e-07
1.000000000000000e-08	6.662229e-07
1.000953125000000e-08	6.912549e-07
1.002859375000000e-08	8.462218e-07
1.005009286114087e-08	1.093774e-06
1.007196307231826e-08	1.332202e-06
1.007985103128461e-08	1.402784e-06
1.008422408206728e-08	1.436583e-06
1.009125389843466e-08	1.486066e-06
1.010000000000000e-08	1.543587e-06
1.010612227109574e-08	1.578646e-06
1.011311915234802e-08	1.614729e-06
1.012711291485257e-08	1.676120e-06
1.015510043986167e-08	1.766892e-06
1.021107548987987e-08	1.875875e-06
1.030000000000000e-08	1.970975e-06
1.030889245101201e-08	1.973539e-06
1.032667735303604e-08	1.977928e-06
1.036224715708409e-08	1.983831e-06
1.040000000000000e-08	1.986891e-06
1.337221791037020e-08	1.838917e-06
1.669253041037022e-08	1.693113e-06
2.059878041037025e-08	1.544613e-06
2.489565541037028e-08	1.405943e-06
2.919253041037031e-08	1.289165e-06
3.368471791037028e-08	1.186741e-06
3.837221791037023e-08	1.097774e-06
4.325503041037019e-08	1.021230e-06
4.852846791037014e-08	9.537364e-07
5.399721791037008e-08	8.972631e-07
6.005190541037005e-08	8.475828e-07
6.649721791037020e-08	8.063788e-07
7.372378041037038e-08	7.712048e-07
8.192690541037058e-08	7.418466e-07
9.149721791037081e-08	7.178003e-07
1.030206554103711e-07	6.987573e-07
1.176690929103714e-07	6.843345e-07
1.381769054103719e-07	6.741995e-07
1.727472179103728e-07	6.682250e-07
1.916925304103732e-07	6.671615e-07
1.998956554103734e-07	6.668990e-07
2.000000000000000e-07	6.668962e-07
Step Information: C_q=30f  (Run: 5/9)
0.000000000000000e+00	6.662229e-07
1.000000000000000e-08	6.662229e-07
1.000953125000000e-08	6.898572e-07
1.002859375000000e-08	8.368196e-07
1.005060550049143e-08	1.078298e-06
1.007278362073172e-08	1.311109e-06
1.007925068251104e-08	1.367125e-06
1.008706587644136e-08	1.424732e-06
1.010000000000000e-08	1.512201e-06
1.010905388649105e-08	1.563139e-06
1.011940118533796e-08	1.613577e-06
1.014009578303179e-08	1.694687e-06
1.018148497841944e-08	1.812995e-06
1.021722160922469e-08	1.884826e-06
1.022852673838950e-08	1.900436e-06
1.025113699671913e-08	1.924553e-06
1.025477948334075e-08	1.927921e-06
1.026206445658399e-08	1.933677e-06
1.027663440307048e-08	1.943644e-06
1.030000000000000e-08	1.957504e-06
1.030700967907885e-08	1.960667e-06
1.031635591785066e-08	1.964423e-06
1.033504839539427e-08	1.970720e-06
1.036261504491277e-08	1.977079e-06
1.040000000000000e-08	1.981682e-06
1.356521271704952e-08	1.834514e-06
1.708083771704953e-08	1.690257e-06
2.118240021704956e-08	1.544311e-06
2.567458771704959e-08	1.408220e-06
3.036208771704962e-08	1.288647e-06
3.524490021704958e-08	1.184534e-06
4.032302521704953e-08	1.094688e-06
4.579177521704947e-08	1.015267e-06
5.145583771704942e-08	9.484934e-07
5.751052521704936e-08	8.911754e-07
6.415115021704946e-08	8.416016e-07
7.137771271704963e-08	7.999821e-07
7.938552521704983e-08	7.652949e-07
8.856521271705005e-08	7.364491e-07
9.950271271705032e-08	7.128276e-07
1.127839627170506e-07	6.945500e-07
1.301667752170511e-07	6.809867e-07
1.557527127170517e-07	6.718807e-07
1.905183377170525e-07	6.677598e-07
1.998933377170528e-07	6.673044e-07
2.000000000000000e-07	6.673001e-07
Step Information: C_q=35f  (Run: 6/9)
0.000000000000000e+00	6.662229e-07
1.000000000000000e-08	6.662229e-07
1.000953125000000e-08	6.886074e-07
1.002859375000000e-08	8.283735e-07
1.005110646950570e-08	1.064227e-06
1.007357324849482e-08	1.291555e-06
1.007866089591620e-08	1.334350e-06
1.008883619075896e-08	1.407935e-06
1.010000000000000e-08	1.482563e-06
1.010781466646873e-08	1.527078e-06
1.011674571386156e-08	1.572314e-06
1.013460780864722e-08	1.647846e-06
1.017033199821855e-08	1.758347e-06
1.022855162085734e-08	1.870346e-06
1.030000000000000e-08	1.951677e-06
1.030714483791427e-08	1.955031e-06
1.032143451374280e-08	1.961015e-06
1.035001386539986e-08	1.969368e-06
1.040000000000000e-08	1.977513e-06
1.364460014798087e-08	1.835687e-06
1.755085014798089e-08	1.685123e-06
2.204303764798092e-08	1.535779e-06
2.692585014798096e-08	1.398168e-06
3.200397514798096e-08	1.278103e-06
3.727741264798091e-08	1.174220e-06
4.274616264798086e-08	1.085078e-06
4.860553764798080e-08	1.006851e-06
5.485553764798074e-08	9.394425e-07
6.149616264798074e-08	8.823741e-07
6.872272514798091e-08	8.337269e-07
7.673053764798111e-08	7.924991e-07
8.571491264798132e-08	7.581945e-07
9.606647514798158e-08	7.300547e-07
1.085664751479819e-07	7.072906e-07
1.241914751479822e-07	6.898863e-07
1.454805376479828e-07	6.773881e-07
1.794649126479836e-07	6.695890e-07
1.919649126479839e-07	6.683886e-07
1.999727251479841e-07	6.678555e-07
2.000000000000000e-07	6.678540e-07
Step Information: C_q=40f  (Run: 7/9)
0.000000000000000e+00	6.662229e-07
1.000000000000000e-08	6.662229e-07
1.000953125000000e-08	6.874831e-07
1.002859375000000e-08	8.207437e-07
1.005159653068826e-08	1.051366e-06
1.007433532720784e-08	1.273376e-06
1.007808087684638e-08	1.304348e-06
1.008557197612346e-08	1.358204e-06
1.010000000000000e-08	1.454780e-06
1.011009961671357e-08	1.511316e-06
1.012164203581480e-08	1.567363e-06
1.014472687401726e-08	1.657643e-06
1.019089655042218e-08	1.796119e-06
1.020766064719016e-08	1.832385e-06
1.024118884072612e-08	1.879393e-06
1.030000000000000e-08	1.940076e-06
1.030588111592739e-08	1.943443e-06
1.031764334778216e-08	1.949591e-06
1.034116781149171e-08	1.960298e-06
1.035295107258090e-08	1.964729e-06
1.037651759475927e-08	1.971033e-06
1.040000000000000e-08	1.974780e-06
1.401853904655722e-08	1.826150e-06
1.812010154655724e-08	1.677975e-06
2.280760154655728e-08	1.531665e-06
2.808103904655732e-08	1.392199e-06
3.354978904655729e-08	1.271257e-06
3.921385154655724e-08	1.167193e-06
4.526853904655718e-08	1.075662e-06
5.151853904655712e-08	9.986845e-07
5.835447654655706e-08	9.309593e-07
6.558103904655719e-08	8.743042e-07
7.358885154655738e-08	8.255708e-07
8.257322654655760e-08	7.843439e-07
9.272947654655784e-08	7.504300e-07
1.046435390465581e-07	7.228380e-07
1.190966640465585e-07	7.011989e-07
1.378466640465589e-07	6.849481e-07
1.646044765465596e-07	6.739000e-07
1.911669765465602e-07	6.693910e-07
1.999560390465605e-07	6.685867e-07
2.000000000000000e-07	6.685832e-07
Step Information: C_q=45f  (Run: 8/9)
0.000000000000000e+00	6.662229e-07
1.000000000000000e-08	6.662229e-07
1.000953125000000e-08	6.864663e-07
1.002859375000000e-08	8.138163e-07
1.005207636695894e-08	1.039560e-06
1.007507269172713e-08	1.256429e-06
1.008238440195321e-08	1.311803e-06
1.009025105303190e-08	1.365636e-06
1.010000000000000e-08	1.428480e-06
1.010682426287767e-08	1.467428e-06
1.011462342045215e-08	1.508005e-06
1.013022173560112e-08	1.578305e-06
1.016141836589904e-08	1.685641e-06
1.022381162649489e-08	1.825595e-06
1.030000000000000e-08	1.932240e-06
1.030761883735051e-08	1.936865e-06
1.032285651205153e-08	1.945155e-06
1.035333186145358e-08	1.957044e-06
1.040000000000000e-08	1.967658e-06
1.420963427284246e-08	1.820198e-06
1.850650927284249e-08	1.673818e-06
2.358463427284253e-08	1.524573e-06
2.924869677284257e-08	1.384034e-06
3.510807177284252e-08	1.262815e-06
4.116275927284246e-08	1.159020e-06
4.760807177284240e-08	1.068293e-06
5.444400927284234e-08	9.902500e-07
6.186588427284234e-08	9.225693e-07
6.987369677284254e-08	8.653084e-07
7.866275927284275e-08	8.170715e-07
8.842838427284299e-08	7.770521e-07
9.975650927284327e-08	7.437307e-07
1.132330717728436e-07	7.168730e-07
1.298346342728440e-07	6.962127e-07
1.519049467728445e-07	6.811642e-07
1.856940092728454e-07	6.713651e-07
1.917486967728455e-07	6.704704e-07
1.999518217728457e-07	6.695013e-07
2.000000000000000e-07	6.694963e-07
Step Information: C_q=50f  (Run: 9/9)
0.000000000000000e+00	6.662229e-07
1.000000000000000e-08	6.662229e-07
1.000953125000000e-08	6.855424e-07
1.002859375000000e-08	8.074979e-07
1.005254659281853e-08	1.028676e-06
1.007694743583353e-08	1.249836e-06
1.009072247742422e-08	1.345073e-06
1.010000000000000e-08	1.403821e-06
1.010649426580305e-08	1.440727e-06
1.011391628386367e-08	1.479511e-06
1.012876031998492e-08	1.547579e-06
1.015844839222742e-08	1.653941e-06
1.021782453671243e-08	1.795927e-06
1.030000000000000e-08	1.921783e-06
1.030821754632876e-08	1.927286e-06
1.032465263898627e-08	1.937125e-06
1.035752282430130e-08	1.951425e-06
1.040000000000000e-08	1.962353e-06
1.437854370690180e-08	1.816582e-06
1.906604370690183e-08	1.665719e-06
2.433948120690186e-08	1.519513e-06
3.039416870690190e-08	1.377825e-06
3.664416870690184e-08	1.256198e-06
4.328479370690177e-08	1.149663e-06
5.031604370690170e-08	1.057752e-06
5.773791870690163e-08	9.796220e-07
6.574573120690176e-08	9.127131e-07
7.433948120690197e-08	8.567120e-07
8.390979370690220e-08	8.091851e-07
9.484729370690247e-08	7.692059e-07
1.073472937069028e-07	7.370108e-07
1.223863562069031e-07	7.113131e-07
1.415269812069036e-07	6.916200e-07
1.680894812069043e-07	6.776734e-07
1.915269812069048e-07	6.718926e-07
1.999254187069050e-07	6.706302e-07
2.000000000000000e-07	6.706204e-07
