time	I(Rq)
Step Information: C_q=10f  (Run: 1/9)
0.000000000000000e+00	6.662229e-07
1.000000000000000e-08	6.662229e-07
1.000406328117328e-08	6.803051e-07
1.001218984351985e-08	7.715117e-07
1.002479841644049e-08	9.750968e-07
1.003933069502744e-08	1.194230e-06
1.005393722702283e-08	1.367220e-06
1.007078693600922e-08	1.515346e-06
1.010000000000000e-08	1.712929e-06
1.010876391919723e-08	1.750088e-06
1.012044914479354e-08	1.791172e-06
1.014381959598616e-08	1.851226e-06
1.019056049837141e-08	1.927722e-06
1.022675781250000e-08	1.964053e-06
1.022930049022844e-08	1.965462e-06
1.023269072719969e-08	1.967110e-06
1.023947120114220e-08	1.970089e-06
1.025303214902721e-08	1.975114e-06
1.027287810422997e-08	1.980782e-06
1.030000000000000e-08	1.986744e-06
1.030813656873101e-08	1.987881e-06
1.031898532703902e-08	1.989155e-06
1.034068284365504e-08	1.991207e-06
1.035660496676796e-08	1.992378e-06
1.036815575377416e-08	1.993035e-06
1.037689842598761e-08	1.993449e-06
1.038251465557310e-08	1.993681e-06
1.038876754082902e-08	1.993811e-06
1.040000000000000e-08	1.993740e-06
1.273991785647148e-08	1.847217e-06
1.544987879397148e-08	1.697609e-06
1.852605066897141e-08	1.550616e-06
2.182194910647134e-08	1.416289e-06
2.519108973147127e-08	1.300040e-06
2.870671473147120e-08	1.197900e-06
3.229558191897124e-08	1.110591e-06
3.603093348147133e-08	1.034910e-06
3.998601160647143e-08	9.687767e-07
4.408757410647153e-08	9.126950e-07
4.848210535647163e-08	8.640900e-07
5.316960535647175e-08	8.227608e-07
5.829655848147187e-08	7.873737e-07
6.393620691897200e-08	7.576139e-07
7.030827723147216e-08	7.326861e-07
7.140691004397218e-08	7.291349e-07
7.499577723147227e-08	7.188036e-07
7.500000000000000e-08	7.187925e-07
Step Information: C_q=15f  (Run: 2/9)
0.000000000000000e+00	6.662229e-07
1.000000000000000e-08	6.662229e-07
1.000406328117328e-08	6.792857e-07
1.001218984351985e-08	7.635127e-07
1.002296319030674e-08	9.285519e-07
1.003464448184183e-08	1.103941e-06
1.004689765934553e-08	1.252010e-06
1.007140401435294e-08	1.475675e-06
1.010000000000000e-08	1.677019e-06
1.010857879569412e-08	1.715237e-06
1.012001718995294e-08	1.758208e-06
1.014289397847059e-08	1.822712e-06
1.018864755550589e-08	1.907735e-06
1.022675781250000e-08	1.946685e-06
1.030000000000000e-08	1.984068e-06
1.030732421875000e-08	1.985238e-06
1.032197265625000e-08	1.987255e-06
1.035126953125000e-08	1.989724e-06
1.040000000000000e-08	1.991145e-06
1.296333007812500e-08	1.843364e-06
1.589301757812498e-08	1.694533e-06
1.926215820312491e-08	1.546490e-06
2.292426757812484e-08	1.409643e-06
2.665961914062476e-08	1.291952e-06
3.054145507812471e-08	1.189345e-06
3.449653320312481e-08	1.102088e-06
3.867133789062491e-08	1.025723e-06
4.306586914062502e-08	9.597461e-07
4.768012695312513e-08	9.034604e-07
5.258735351562525e-08	8.553936e-07
5.793403320312538e-08	8.140379e-07
6.379340820312552e-08	7.790232e-07
7.031196289062568e-08	7.497242e-07
7.236274414062573e-08	7.421856e-07
7.499946289062579e-08	7.334842e-07
7.500000000000000e-08	7.334826e-07
Step Information: C_q=20f  (Run: 3/9)
0.000000000000000e+00	6.662229e-07
1.000000000000000e-08	6.662229e-07
1.000406328117328e-08	6.784039e-07
1.001218984351985e-08	7.569313e-07
1.002249038894824e-08	9.055829e-07
1.003346282669146e-08	1.063791e-06
1.004483188195860e-08	1.199363e-06
1.006756999249288e-08	1.408624e-06
1.010000000000000e-08	1.642840e-06
1.010972900225214e-08	1.687175e-06
1.012270100525498e-08	1.736609e-06
1.014864501126068e-08	1.809833e-06
1.020053302327207e-08	1.908118e-06
1.022675781250000e-08	1.939381e-06
1.024755042154415e-08	1.954756e-06
1.025841478191171e-08	1.960752e-06
1.028014350264682e-08	1.969946e-06
1.030000000000000e-08	1.976870e-06
1.030595694920595e-08	1.978399e-06
1.031389954814722e-08	1.980222e-06
1.032978474602976e-08	1.983225e-06
1.036155514179484e-08	1.987124e-06
1.040000000000000e-08	1.989220e-06
1.315589781043598e-08	1.841885e-06
1.630531187293596e-08	1.693490e-06
1.996742124793588e-08	1.544324e-06
2.392249937293580e-08	1.407455e-06
2.802406187293571e-08	1.288006e-06
3.227210874793573e-08	1.184543e-06
3.666663999793584e-08	1.095593e-06
4.128089781043595e-08	1.018575e-06
4.611488218543607e-08	9.526626e-07
5.124183531043619e-08	8.961758e-07
5.673499937293633e-08	8.479546e-07
6.274085874793647e-08	8.067250e-07
6.933265562293663e-08	7.721563e-07
7.196937437293669e-08	7.608408e-07
7.497230406043676e-08	7.494182e-07
7.500000000000000e-08	7.493194e-07
Step Information: C_q=25f  (Run: 4/9)
0.000000000000000e+00	6.662229e-07
1.000000000000000e-08	6.662229e-07
1.000406328117328e-08	6.776337e-07
1.001218984351985e-08	7.516255e-07
1.002306403656485e-08	8.990521e-07
1.003530160907838e-08	1.064343e-06
1.004698536332103e-08	1.195284e-06
1.007035287180633e-08	1.400429e-06
1.010000000000000e-08	1.609144e-06
1.010889413845810e-08	1.651194e-06
1.012075298973557e-08	1.699247e-06
1.014447069229051e-08	1.773269e-06
1.019190609740038e-08	1.875778e-06
1.022675781250000e-08	1.926727e-06
1.023029656980076e-08	1.930315e-06
1.023737408440229e-08	1.936055e-06
1.025152911360534e-08	1.946012e-06
1.027168994159390e-08	1.957413e-06
1.030000000000000e-08	1.970324e-06
1.030849301752183e-08	1.973000e-06
1.031981704088427e-08	1.976078e-06
1.034246508760915e-08	1.981276e-06
1.035470390655023e-08	1.983535e-06
1.037552236211784e-08	1.986069e-06
1.040000000000000e-08	1.987559e-06
1.333232598993470e-08	1.841368e-06
1.670146661493466e-08	1.693253e-06
2.058330255243458e-08	1.545592e-06
2.490459161493449e-08	1.406045e-06
2.929912286493440e-08	1.286823e-06
3.391338067743449e-08	1.182260e-06
3.867412286493461e-08	1.092808e-06
4.365459161493473e-08	1.015777e-06
4.892802911493486e-08	9.493205e-07
5.456767755243500e-08	8.921654e-07
6.064677911493514e-08	8.434084e-07
6.731181817743530e-08	8.019552e-07
7.177959161493541e-08	7.797490e-07
7.492900567743548e-08	7.663157e-07
7.500000000000000e-08	7.660318e-07
Step Information: C_q=30f  (Run: 5/9)
0.000000000000000e+00	6.662229e-07
1.000000000000000e-08	6.662229e-07
1.000406328117328e-08	6.769550e-07
1.001218984351985e-08	7.468528e-07
1.002345101247158e-08	8.913484e-07
1.003577727067044e-08	1.049205e-06
1.004793127863445e-08	1.179116e-06
1.007223929456248e-08	1.385609e-06
1.010000000000000e-08	1.577524e-06
1.010832821163126e-08	1.617878e-06
1.011943249380627e-08	1.664819e-06
1.014164105815629e-08	1.739231e-06
1.018605818685632e-08	1.844947e-06
1.022675781250000e-08	1.903870e-06
1.030000000000000e-08	1.965132e-06
1.030732421875000e-08	1.967653e-06
1.032197265625000e-08	1.972110e-06
1.035126953125000e-08	1.978199e-06
1.040000000000000e-08	1.983524e-06
1.354926757812500e-08	1.836837e-06
1.721137695312496e-08	1.686674e-06
2.138618164062487e-08	1.538840e-06
2.600043945312477e-08	1.400231e-06
3.076118164062472e-08	1.280257e-06
3.574165039062484e-08	1.175680e-06
4.094184570312496e-08	1.085446e-06
4.643500976562510e-08	1.007426e-06
5.222114257812524e-08	9.408928e-07
5.844672851562539e-08	8.837205e-07
6.518500976562555e-08	8.351702e-07
7.236274414062573e-08	7.953130e-07
7.499946289062579e-08	7.831634e-07
7.500000000000000e-08	7.831610e-07
Step Information: C_q=35f  (Run: 6/9)
0.000000000000000e+00	6.662229e-07
1.000000000000000e-08	6.662229e-07
1.000406328117328e-08	6.763526e-07
1.001218984351985e-08	7.425104e-07
1.002359424242980e-08	8.813320e-07
1.003616077229910e-08	1.034580e-06
1.004860510570800e-08	1.162122e-06
1.007349377252582e-08	1.367413e-06
1.010000000000000e-08	1.547683e-06
1.010795186824225e-08	1.586834e-06
1.011855435923192e-08	1.632977e-06
1.013975934121127e-08	1.707705e-06
1.018216930516995e-08	1.816145e-06
1.022675781250000e-08	1.887259e-06
1.030000000000000e-08	1.957026e-06
1.030732421875000e-08	1.960042e-06
1.032197265625000e-08	1.965407e-06
1.035126953125000e-08	1.972875e-06
1.040000000000000e-08	1.979701e-06
1.376899414062500e-08	1.832497e-06
1.765083007812495e-08	1.683219e-06
2.211860351562485e-08	1.534903e-06
2.709907226562475e-08	1.394916e-06
3.222602539062475e-08	1.274336e-06
3.757270507812488e-08	1.169790e-06
4.321235351562502e-08	1.078930e-06
4.914497070312516e-08	1.000985e-06
5.544379882812532e-08	9.342752e-07
6.225532226562548e-08	8.770115e-07
6.965278320312566e-08	8.285893e-07
7.236274414062573e-08	8.137839e-07
7.499946289062579e-08	8.006753e-07
7.500000000000000e-08	8.006728e-07
Step Information: C_q=40f  (Run: 7/9)
0.000000000000000e+00	6.662229e-07
1.000000000000000e-08	6.662229e-07
1.000406328117328e-08	6.758142e-07
1.001218984351985e-08	7.386172e-07
1.002373233034504e-08	8.722691e-07
1.003652952719033e-08	1.021220e-06
1.004925690473860e-08	1.146502e-06
1.007471165983515e-08	1.350451e-06
1.010000000000000e-08	1.519467e-06
1.010758650204945e-08	1.557220e-06
1.011770183811540e-08	1.602238e-06
1.013793251024728e-08	1.676548e-06
1.017839385451104e-08	1.786424e-06
1.022675781250000e-08	1.870212e-06
1.030000000000000e-08	1.948177e-06
1.030732421875000e-08	1.951693e-06
1.032197265625000e-08	1.957984e-06
1.035126953125000e-08	1.966871e-06
1.040000000000000e-08	1.975250e-06
1.398872070312500e-08	1.827710e-06
1.809028320312494e-08	1.679336e-06
2.285102539062484e-08	1.530717e-06
2.819770507812473e-08	1.389637e-06
3.376411132812479e-08	1.267163e-06
3.955024414062493e-08	1.161783e-06
4.562934570312508e-08	1.070912e-06
5.207465820312524e-08	9.926958e-07
5.895942382812540e-08	9.257682e-07
6.635688476562558e-08	8.690657e-07
7.236274414062573e-08	8.322751e-07
7.499946289062579e-08	8.183079e-07
7.500000000000000e-08	8.183052e-07
Step Information: C_q=45f  (Run: 8/9)
0.000000000000000e+00	6.662229e-07
1.000000000000000e-08	6.662229e-07
1.000406328117328e-08	6.753302e-07
1.001218984351985e-08	7.351069e-07
1.002386587183446e-08	8.640279e-07
1.003688498836020e-08	1.008962e-06
1.004988883667273e-08	1.132089e-06
1.007589653329779e-08	1.334594e-06
1.010000000000000e-08	1.492787e-06
1.010723104001066e-08	1.529004e-06
1.011687242669155e-08	1.572641e-06
1.013615520005332e-08	1.645919e-06
1.017472074677686e-08	1.756096e-06
1.022675781250000e-08	1.852884e-06
1.030000000000000e-08	1.938677e-06
1.030732421875000e-08	1.942689e-06
1.032197265625000e-08	1.949909e-06
1.035126953125000e-08	1.960233e-06
1.040000000000000e-08	1.970197e-06
1.420844726562501e-08	1.822483e-06
1.860297851562493e-08	1.672706e-06
2.365668945312482e-08	1.524288e-06
2.936958007812470e-08	1.382690e-06
3.530219726562483e-08	1.260324e-06
4.152778320312498e-08	1.154321e-06
4.804633789062514e-08	1.063541e-06
5.500434570312531e-08	9.851883e-07
6.247504882812549e-08	9.181763e-07
7.053168945312568e-08	8.615955e-07
7.236274414062573e-08	8.506225e-07
7.499946289062579e-08	8.358948e-07
7.500000000000000e-08	8.358920e-07
Step Information: C_q=50f  (Run: 9/9)
0.000000000000000e+00	6.662229e-07
1.000000000000000e-08	6.662229e-07
1.000406328117328e-08	6.748926e-07
1.001218984351985e-08	7.319253e-07
1.002399535646541e-08	8.564998e-07
1.003722839151378e-08	9.976694e-07
1.005050273543397e-08	1.119627e-06
1.007345131215963e-08	1.294892e-06
1.010000000000000e-08	1.467550e-06
1.010796460635211e-08	1.507243e-06
1.011858408148826e-08	1.554854e-06
1.013982303176056e-08	1.634212e-06
1.018230093230516e-08	1.754651e-06
1.022675781250000e-08	1.838527e-06
1.030000000000000e-08	1.928278e-06
1.030732421875000e-08	1.932803e-06
1.032197265625000e-08	1.940984e-06
1.035126953125000e-08	1.952804e-06
1.040000000000000e-08	1.964424e-06
1.442817382812501e-08	1.816699e-06
1.904243164062492e-08	1.668018e-06
2.438911132812481e-08	1.519600e-06
3.046821289062471e-08	1.377377e-06
3.676704101562486e-08	1.254965e-06
4.343208007812503e-08	1.148299e-06
5.046333007812520e-08	1.056648e-06
5.793403320312538e-08	9.782808e-07
6.599067382812557e-08	9.112993e-07
7.236274414062573e-08	8.686685e-07
7.499946289062579e-08	8.532764e-07
7.500000000000000e-08	8.532734e-07
